function plot_time()
naive_time = [46.67, 10.63, 16.38];
fft_time = [0.27, 0.16, 0.07];
template_n = [96*58, 26*24, 240*108];
target_n = [1074*1440, 720*1280, 451*800];
end